-7893 7541
2228 -4037
-3172 -9488
-2495 4617
5733 7680
2977 3341
7912 3115
2819 814
-4647 -1290
-2540 -732
3423 -9688
-5011 -7823
-9176 -1670
9331 -1369
-5757 -6844
-6230 -7086
7111 -8367
8952 -7745
4749 3069
-2286 109
-8803 9377
-1783 -8491
394 -7666
-1944 664
3078 -9157
-6001 -7368
-3087 -1725
9744 -1454
-7699 629
-8823 2410
-4577 -7625
3641 -6116
-3782 799
6882 7725
2820 -9829
-1554 5181
-5584 -7094
-5587 -3286
-4427 9124
996 8144
-6193 -1237
5905 25
9563 5228
673 -829
1865 -8024
-9178 2595
-8893 -7751
7008 -8376
78 2620
-5510 -5782
-79 -7145
-5939 -8314
2026 5927
4002 6749
6075 1416
3440 5418
4548 7667
-1749 599
6286 2223
2452 -717
-1459 -5262
-1563 -1043
6960 8359
9816 -8343
-4421 3077
144 -6999
5736 7549
461 -2397
-3569 4973
-5554 3403
3204 -999
3373 -9748
5030 -5767
-901 2404
9243 -5871
2037 9865
4344 1084
-276 6477
-8492 7327
-8785 7005
-4887 -4339
3249 9064
-5243 -6589
4700 -2355
-4331 -8561
274 -202
2578 2041
-2021 -513
-3139 8659
703 6364
-5652 9528
-7339 -7669
7031 8006
-7426 -1937
-5987 8337
-9294 -7753
-2119 4825
9922 -4419
-5641 5673
5068 1220
